     0/159     7.43G      4.19      3.92      2.45      10.6         3       512         0         0   0.00584         0      3.62      2.32      2.33
     1/159     7.02G       3.3       2.2      2.09       7.6         2       512     0.103    0.0149      0.18     0.026      3.05       1.4      2.08
     2/159     7.02G       3.1      1.67      2.03      6.79         2       512     0.239     0.253     0.208     0.206      3.83       1.1      2.08
     3/159     7.02G      2.54      1.42      1.95      5.91         3       512     0.215     0.292     0.258     0.238      2.85     0.899      1.86
     4/159     7.02G      2.74      1.29      1.85      5.88         2       512     0.239     0.448     0.258     0.283      2.61     0.917      1.91
     5/159     7.02G      2.27      1.08      1.75      5.11         1       512     0.239     0.555     0.332     0.285      2.53     0.885      1.86
     6/159     7.02G      2.29       1.1      1.43      4.82         1       512     0.487     0.446      0.46     0.451      2.57     0.988      1.57
     7/159     7.02G       2.5      1.02      1.37      4.89         3       512     0.647     0.595     0.606      0.59         3     0.961      1.29
     8/159     7.02G      2.45      1.06      1.16      4.66         2       512     0.582     0.626     0.522      0.54      2.78     0.875      1.17
     9/159     7.02G      2.19     0.989      1.11      4.29         2       512     0.589     0.147     0.306     0.225      2.65      1.53      1.32
    10/159     7.02G      2.22     0.905     0.985      4.11         2       512     0.514     0.421     0.426     0.451      2.56      1.05       1.4
    11/159     7.02G      2.15      0.91      1.04       4.1         4       512     0.368     0.745     0.527     0.394      2.26     0.847      1.61
    12/159     7.02G      2.07     0.896     0.915      3.88         2       512     0.551     0.778     0.583     0.611      2.21     0.824      1.12
    13/159     7.02G      2.41     0.955     0.982      4.34         1       512     0.472     0.275     0.477     0.306      2.43     0.993       1.6
    14/159     7.02G      2.02     0.951     0.849      3.82         1       512     0.517     0.424     0.477     0.456      2.53     0.864      1.08
    15/159     7.02G      2.01     0.938      1.12      4.07         2       512     0.619     0.822     0.666     0.675      2.58     0.765      1.12
    16/159     7.02G       1.9     0.943      1.06       3.9         4       512      0.52     0.772     0.586     0.586      2.28     0.812      1.06
    17/159     7.02G      2.05     0.855     0.832      3.74         2       512     0.493     0.599     0.495     0.479      2.41     0.824      1.36
    18/159     7.02G      1.96     0.876     0.927      3.76         1       512     0.588     0.782     0.682     0.659      2.17     0.751     0.909
    19/159     7.02G      1.79     0.837     0.957      3.59         2       512     0.699     0.525     0.638      0.56      2.27     0.881      1.07
    20/159     7.02G      1.67     0.829     0.863      3.37         2       512     0.507     0.769     0.611     0.567      2.33     0.787     0.899
    21/159     7.02G      1.75     0.923     0.849      3.53         3       512     0.687      0.58     0.689     0.613      2.01     0.821     0.927
    22/159     7.02G      1.77     0.843     0.775      3.39         2       512     0.598     0.677     0.606     0.595      2.33      0.77       1.3
    23/159     7.02G      1.72     0.826     0.777      3.32         2       512     0.621     0.699     0.642     0.637      1.93     0.767      1.05
    24/159     7.02G      1.73     0.826     0.793      3.35         2       512     0.685     0.321     0.573     0.424      2.79     0.899      1.62
    25/159     7.02G      1.59     0.831     0.754      3.18         2       512      0.74     0.791     0.737     0.733       2.1     0.769     0.664
    26/159     7.02G       1.7     0.792      0.79      3.28         2       512     0.541     0.436     0.498     0.443      2.09     0.757       1.1
    27/159     7.02G      1.58     0.793     0.836      3.21         1       512      0.65     0.762     0.669     0.689      2.04     0.712     0.812
    28/159     7.02G      1.74     0.884     0.864      3.49         2       512      0.65     0.688     0.611     0.641      2.18       0.8      1.06
    29/159     7.02G      1.52     0.854     0.791      3.16         2       512     0.645     0.214     0.361     0.317       3.2     0.896      1.36
    30/159     7.02G      1.63     0.842     0.803      3.28         2       512     0.628     0.431     0.532     0.511      2.37     0.917     0.992
    31/159     7.02G      1.74     0.807     0.772      3.32         1       512     0.737     0.459     0.672     0.551      2.02     0.907     0.971
    32/159     7.02G      1.58     0.809     0.771      3.16         1       512     0.685     0.822     0.701     0.724      2.07     0.701     0.757
    33/159     7.02G      1.44     0.791      0.65      2.88         1       512     0.645     0.819     0.704     0.707      1.98     0.669     0.725
    34/159     7.02G      1.51      0.79     0.673      2.97         1       512     0.734     0.873     0.765      0.78      1.83     0.741     0.628
    35/159     7.02G      1.72     0.791     0.583      3.09         3       512      0.68     0.801     0.706     0.718      1.98     0.704     0.786
    36/159     7.02G      1.43      0.76      0.62      2.81         3       512     0.727     0.783     0.763     0.746      2.02     0.677     0.651
    37/159     7.02G      1.62     0.766     0.692      3.08         2       512     0.733     0.713     0.722     0.703      1.89     0.811      1.19
    38/159     7.02G      1.42      0.78     0.657      2.86         3       512     0.736     0.807     0.746     0.751       1.7     0.725     0.733
    39/159     7.02G      1.42     0.818     0.659       2.9         2       512     0.721     0.883     0.792      0.77      1.76     0.717     0.561
    40/159     7.02G       1.4      0.75     0.607      2.76         4       512     0.715     0.858     0.776      0.76      1.84     0.751     0.615
    41/159     7.02G      1.29     0.732     0.634      2.65         2       512     0.668     0.511     0.679     0.548      1.94     0.815     0.949
    42/159     7.02G       1.4     0.717     0.628      2.74         1       512     0.738     0.694     0.731     0.702      1.95     0.816     0.692
    43/159     7.02G      1.39     0.761     0.499      2.65         2       512     0.743     0.837     0.771     0.765      1.83     0.765     0.571
    44/159     7.02G      1.31     0.743     0.469      2.53         2       512     0.727     0.789     0.799     0.746      1.81     0.742     0.761
    45/159     7.02G      1.41     0.791     0.527      2.72         1       512     0.718     0.793     0.774     0.745       1.9     0.691     0.612
    46/159     7.02G      1.42     0.727     0.612      2.76         2       512      0.79     0.841     0.838     0.796      1.79     0.702      0.46
    47/159     7.02G      1.35     0.777      0.51      2.64         3       512     0.792     0.856     0.851     0.815      1.71     0.706     0.482
    48/159     7.02G      1.42     0.731     0.549      2.69         1       512     0.794     0.816     0.848     0.793      1.74     0.705     0.572
    49/159     7.02G      1.46     0.759     0.472      2.69         2       512     0.765     0.814     0.799     0.781      1.83      0.67     0.592
    50/159     7.02G       1.5     0.741     0.492      2.74         1       512     0.774     0.781     0.807     0.764      1.77     0.689     0.584
    51/159     7.02G      1.34     0.728     0.476      2.54         2       512     0.765     0.744     0.798     0.743      1.78     0.696      0.55
    52/159     7.02G      1.48     0.704     0.479      2.67         4       512     0.814     0.791     0.862     0.792      1.73      0.69      0.46
    53/159     7.02G      1.19     0.728     0.432      2.35         2       512     0.866     0.882     0.896     0.869      1.52     0.707     0.424
    54/159     7.02G      1.33     0.671     0.392       2.4         2       512     0.819     0.879     0.881     0.846      1.56     0.675     0.476
    55/159     7.02G      1.21     0.696      0.36      2.26         2       512     0.803     0.778     0.854     0.763      1.61     0.685     0.545
    56/159     7.02G      1.18     0.676     0.511      2.36         1       512     0.816     0.778     0.858     0.768      1.63     0.685     0.474
    57/159     7.02G      1.19     0.667     0.435       2.3         2       512     0.848     0.842     0.886     0.836      1.55     0.688     0.554
    58/159     7.02G      1.22     0.708     0.403      2.33         1       512     0.853     0.901     0.911     0.867      1.57     0.667     0.398
    59/159     7.02G      1.21     0.686     0.401      2.29         2       512     0.916     0.854      0.92     0.872      1.75     0.724      0.44
    60/159     7.02G      1.22     0.653     0.329       2.2         1       512     0.947     0.902     0.935      0.92      1.59     0.695     0.371
    61/159     7.02G      1.21     0.673     0.344      2.23         2       512     0.879     0.945     0.948     0.908      1.55     0.635     0.311
    62/159     7.02G      1.17     0.666     0.391      2.23         4       512     0.909     0.743     0.886      0.79      1.62     0.698     0.552
    63/159     7.02G      1.16     0.685     0.352      2.19         2       512     0.862     0.837     0.888     0.838      1.59     0.683     0.545
    64/159     7.02G      1.24     0.638     0.339      2.21         1       512     0.827     0.821     0.841     0.819      1.56     0.653     0.464
    65/159     7.02G       1.2     0.693     0.369      2.26         1       512      0.89     0.878     0.888      0.88       1.6     0.695     0.419
    66/159     7.02G       1.2     0.658     0.321      2.18         2       512     0.899     0.857     0.888     0.874      1.62     0.669     0.529
    67/159     7.02G      1.18     0.621     0.382      2.18         2       512     0.911     0.906     0.935     0.901      1.54     0.649     0.402
    68/159     7.02G      1.19     0.668     0.304      2.16         2       512     0.901     0.903     0.924     0.896       1.5     0.649     0.342
    69/159     7.02G      1.14     0.645     0.312      2.09         4       512     0.892     0.889     0.912     0.882      1.49     0.648     0.346
    70/159     7.02G      1.08     0.642     0.312      2.03         2       512     0.911     0.901      0.92     0.902       1.5     0.648     0.373
    71/159     7.02G       1.1      0.61     0.253      1.96         2       512     0.919     0.902     0.933     0.908      1.53     0.656     0.383
    72/159     7.02G       1.1     0.625     0.294      2.02         2       512     0.893      0.84     0.912     0.861      1.52     0.688     0.444
    73/159     7.02G      1.06     0.611     0.321      1.99         4       512     0.899     0.813     0.905     0.846      1.45     0.696     0.515
    74/159     7.02G       1.1     0.653      0.31      2.06         3       512     0.907     0.872     0.919     0.881      1.49      0.66     0.382
    75/159     7.02G     0.979      0.64     0.289      1.91         2       512     0.879     0.878     0.899     0.865      1.53     0.672     0.518
    76/159     7.02G      1.06     0.602     0.256      1.91         2       512     0.875     0.877     0.904      0.86       1.5     0.694     0.639
    77/159     7.02G      1.17     0.569     0.273      2.01         2       512     0.891       0.9     0.922      0.89      1.63     0.681     0.397
    78/159     7.02G      1.06     0.613     0.214      1.89         1       512     0.926     0.907     0.915     0.914      1.51     0.694     0.348
    79/159     7.02G       1.1     0.558     0.242       1.9         3       512     0.838      0.84      0.84     0.818      1.51     0.626     0.675
    80/159     7.02G      1.26     0.657     0.258      2.17         4       512     0.927     0.912     0.941     0.916      1.48     0.641     0.374
    81/159     7.02G     0.972      0.62     0.261      1.85         2       512     0.947     0.935      0.95     0.938      1.41     0.639     0.262
    82/159     7.02G      1.01     0.604     0.272      1.88         2       512     0.921     0.894     0.932     0.903      1.54     0.639     0.322
    83/159     7.02G      1.07     0.544     0.211      1.82         1       512     0.933     0.915     0.926     0.921      1.57     0.646     0.271
    84/159     7.02G      1.22     0.574     0.233      2.02         3       512     0.932     0.929     0.938     0.929      1.47     0.637     0.267
    85/159     7.02G     0.976     0.577     0.215      1.77         2       512     0.929     0.907     0.924     0.916      1.52     0.637     0.267
    86/159     7.02G      1.02     0.575     0.216      1.82         3       512     0.947     0.891     0.921     0.915      1.51     0.637     0.303
    87/159     7.02G     0.933     0.569     0.232      1.73         3       512     0.905     0.858     0.911     0.872      1.53     0.655     0.318
    88/159     7.02G      1.11     0.597     0.283      1.99         4       512     0.921     0.875     0.911     0.891       1.5      0.65     0.336
    89/159     7.02G      1.19     0.548     0.216      1.95         1       512     0.945     0.876     0.926     0.907       1.6     0.656      0.33
    90/159     7.02G       1.2     0.601     0.232      2.03         4       512      0.93      0.92     0.945     0.922      1.51     0.689     0.304
    91/159     7.02G      1.03     0.545     0.229       1.8         2       512     0.894     0.891      0.95     0.887      1.44     0.609     0.322
    92/159     7.02G      1.39     0.605     0.218      2.21         3       512     0.905     0.873     0.947     0.882      1.52     0.638     0.345
    93/159     7.02G      1.02     0.585     0.236      1.84         3       512     0.926     0.912     0.951     0.916       1.4     0.653     0.323
    94/159     7.02G      1.06     0.547     0.177      1.79         2       512     0.942     0.926     0.953     0.931      1.38     0.647     0.345
    95/159     7.02G       1.1     0.542     0.152      1.79         2       512     0.933     0.935     0.954     0.932      1.45      0.65     0.292
    96/159     7.02G      1.02     0.549     0.157      1.72         2       512     0.925     0.913      0.95     0.915      1.42     0.657     0.308
    97/159     7.02G     0.922     0.561     0.166      1.65         2       512     0.891     0.873      0.93     0.871      1.37     0.643     0.369
    98/159     7.02G      1.16     0.557     0.154      1.87         3       512     0.904     0.823     0.932     0.856      1.42     0.678     0.342
    99/159     7.02G      0.96     0.556      0.14      1.66         2       512     0.949     0.701      0.92     0.796       1.6     0.736     0.328
   100/159     7.02G     0.969     0.539      0.13      1.64         2       512     0.956     0.878     0.953     0.911      1.47     0.714     0.262
   101/159     7.02G     0.961     0.542     0.146      1.65         1       512     0.915     0.862     0.938     0.879      1.41     0.739     0.322
   102/159     7.02G     0.979     0.515     0.138      1.63         2       512     0.887     0.814     0.913     0.829       1.5     0.741     0.456
   103/159     7.02G     0.922     0.529     0.162      1.61         2       512     0.917     0.862     0.932     0.876      1.46     0.725     0.349
   104/159     7.02G     0.968     0.514     0.159      1.64         2       512     0.937     0.886     0.947     0.906      1.46     0.677     0.282
   105/159     7.02G     0.902     0.495     0.199       1.6         1       512     0.962     0.926     0.952     0.941      1.41     0.679     0.178
   106/159     7.02G     0.868     0.479     0.195      1.54         2       512      0.96     0.929     0.955     0.942      1.38     0.674     0.186
   107/159     7.02G     0.929     0.537     0.127      1.59         2       512     0.943      0.91      0.95     0.925      1.43      0.66     0.226
   108/159     7.02G     0.925     0.551     0.124       1.6         4       512     0.935       0.9     0.946     0.916      1.35      0.68     0.254
   109/159     7.02G     0.861     0.514     0.113      1.49         1       512      0.95     0.897     0.947     0.921      1.42     0.673     0.209
   110/159     7.02G      0.86      0.52     0.116       1.5         4       512      0.94      0.91     0.949     0.922       1.4     0.667     0.227
   111/159     7.02G     0.996     0.526     0.132      1.65         2       512     0.927     0.884      0.94     0.899      1.35     0.685     0.299
   112/159     7.02G     0.784     0.517    0.0901      1.39         2       512     0.946     0.916     0.952     0.929      1.35     0.656     0.241
   113/159     7.02G     0.832     0.481    0.0982      1.41         2       512      0.96     0.928     0.952     0.943      1.38     0.676     0.214
   114/159     7.02G     0.848     0.487    0.0919      1.43         1       512      0.95     0.923      0.95     0.934      1.33     0.667     0.219
   115/159     7.02G     0.884     0.517     0.116      1.52         3       512     0.941      0.91     0.949     0.922      1.38     0.659     0.246
   116/159     7.02G      1.03     0.475    0.0809      1.58         2       512     0.937     0.921     0.947     0.926       1.4     0.602      0.23
   117/159     7.02G     0.998     0.517     0.131      1.64         2       512     0.955     0.923      0.95     0.936      1.36     0.622     0.219
   118/159     7.02G     0.776     0.491     0.102      1.37         1       512     0.945     0.917     0.952     0.928      1.32     0.627      0.24
   119/159     7.02G     0.831     0.524     0.101      1.46         3       512     0.918      0.86     0.935     0.876      1.44     0.658     0.332
   120/159     7.02G     0.905     0.487    0.0966      1.49         4       512     0.903     0.835     0.916     0.847      1.36     0.677     0.391
   121/159     7.02G     0.807     0.472     0.117       1.4         2       512     0.935     0.848     0.924     0.879      1.34     0.677     0.294
   122/159     7.02G     0.863     0.489    0.0688      1.42         2       512     0.952     0.882     0.936      0.91      1.31     0.661      0.24
   123/159     7.02G     0.852     0.489    0.0749      1.42         4       512     0.951     0.905     0.945     0.924      1.36     0.636       0.2
   124/159     7.02G     0.758     0.447    0.0717      1.28         2       512     0.948     0.897     0.942     0.917      1.32     0.629      0.21
   125/159     7.02G      0.74     0.487    0.0738       1.3         2       512     0.942     0.885     0.939     0.907      1.28     0.643     0.228
   126/159     7.02G     0.886     0.462    0.0777      1.43         4       512     0.951     0.922     0.953     0.934      1.27     0.636     0.179
   127/159     7.02G     0.723     0.506    0.0615      1.29         2       512     0.975     0.923     0.957     0.948      1.39     0.638     0.161
   128/159     7.02G     0.733      0.45    0.0553      1.24         2       512     0.957     0.921      0.96     0.937      1.33      0.63     0.174
   129/159     7.02G      0.71     0.457      0.06      1.23         3       512     0.956     0.927     0.956     0.939      1.33     0.631      0.17
   130/159     7.02G     0.772     0.478    0.0515       1.3         2       512      0.95     0.929     0.956     0.937      1.37     0.629     0.145
   131/159     7.02G     0.833     0.491    0.0719       1.4         2       512     0.952     0.923     0.953     0.935      1.35     0.628     0.141
   132/159     7.02G     0.702     0.467     0.144      1.31         2       512     0.962     0.931     0.958     0.945      1.35     0.634     0.133
   133/159     7.02G      0.66     0.457    0.0537      1.17         1       512     0.965      0.93      0.96     0.946      1.31     0.641     0.136
   134/159     7.02G     0.753     0.495    0.0952      1.34         2       512     0.941     0.907     0.947      0.92      1.32     0.639      0.19
   135/159     7.02G     0.725     0.455    0.0597      1.24         2       512     0.929     0.893     0.945     0.905       1.3     0.637     0.216
   136/159     7.02G      1.06     0.483    0.0654      1.61         2       512     0.939     0.902      0.94     0.917      1.37     0.625     0.187
   137/159     7.02G     0.948     0.442    0.0802      1.47         2       512     0.935     0.912     0.941      0.92      1.33     0.622     0.177
   138/159     7.02G     0.672     0.428    0.0538      1.15         2       512     0.949     0.914     0.948     0.929      1.33     0.635     0.163
   139/159     7.02G     0.843     0.464    0.0714      1.38         2       512     0.956     0.918     0.952     0.934      1.32     0.647     0.161
   140/159     7.02G     0.626     0.471    0.0686      1.17         2       512     0.947     0.914     0.953     0.928      1.31     0.631     0.174
   141/159     7.02G     0.718     0.485     0.102      1.31         2       512     0.938     0.914     0.951     0.923       1.3      0.63     0.187
   142/159     7.02G     0.779     0.477    0.0655      1.32         2       512     0.938     0.913      0.95     0.923       1.3     0.628     0.189
   143/159     7.02G     0.684     0.492    0.0504      1.23         2       512     0.946     0.913     0.949     0.927       1.3     0.627     0.192
   144/159     7.02G     0.837     0.444    0.0515      1.33         1       512     0.944     0.916      0.95     0.927      1.32     0.622     0.196
   145/159     7.02G     0.689     0.514    0.0784      1.28         2       512     0.946     0.925     0.955     0.933      1.28     0.612     0.169
   146/159     7.02G     0.645     0.449    0.0754      1.17         1       512     0.957     0.937     0.957     0.945      1.32     0.604     0.139
   147/159     7.02G     0.632     0.407    0.0722      1.11         2       512     0.962     0.936     0.958     0.947      1.35       0.6     0.126
   148/159     7.02G     0.651     0.456    0.0738      1.18         1       512     0.969      0.93     0.955     0.948      1.35     0.614      0.12
   149/159     7.02G     0.945     0.459    0.0766      1.48         1       512     0.968     0.933     0.954     0.949      1.32     0.619     0.117
   150/159     7.02G     0.655     0.476    0.0764      1.21         2       512     0.961     0.926     0.957     0.942      1.31     0.642     0.121
   151/159     7.02G     0.641     0.439    0.0393      1.12         2       512     0.957     0.926     0.955     0.939       1.3     0.653     0.133
   152/159     7.02G     0.637     0.443    0.0493      1.13         2       512     0.954     0.927     0.956     0.939      1.29     0.644     0.134
   153/159     7.02G     0.654     0.443    0.0433      1.14         3       512     0.949     0.924     0.955     0.935      1.31     0.633     0.137
   154/159     7.02G     0.794     0.444    0.0399      1.28         2       512     0.949      0.92     0.953     0.932      1.31     0.641     0.145
   155/159     7.02G     0.611     0.417    0.0511      1.08         2       512     0.952     0.922     0.954     0.934      1.32     0.643     0.143
   156/159     7.02G     0.646     0.438    0.0469      1.13         3       512     0.961     0.926     0.954     0.942      1.36     0.636     0.137
   157/159     7.02G     0.615     0.426    0.0492      1.09         1       512      0.96     0.929     0.954     0.943      1.34     0.637     0.136
   158/159     7.02G     0.646     0.468    0.0352      1.15         4       512     0.966     0.925     0.953     0.944      1.35     0.644     0.138
   159/159     7.02G     0.746     0.441    0.0409      1.23         2       512     0.965     0.924     0.954     0.943      1.34     0.639     0.138
